Length
-70
6.55
-0.065
FrameShift
	amXYG	amYGX	amGXY	XYG	YGX	GXY	
acXYG	0	2.47	2.5	0.273892	-1.12	-2.37	
acYGX	-2.87	-0.1	3.97	-2.05	-2.5	-3.06098	
acGXY	0.149254	0.252284	-1.37073	-4.21	-3.34901	-4.62	
XYG	-0.550263	-2.17	-2.28	-7.16536	-2.7	-3.95	
YGX	-2.18	-0.53	-1.32511	0.1935	-1.6	-3.42844	
GXY	-3.44	-2.32	-0.76	-3.95	-3.60182	-5.19366	
XaaPropensity
A	-1.74936
B	0
C	-4.07086
D	-1.7757
E	-1.83
F	-3.86686
G	-3.80242
H	-4.09119
I	-2.90554
J	-0.988166
K	-2.17
L	-2.0168
M	-2.94312
N	-2.33569
O	-0.222264
P	0
Q	-2.46852
R	-2.77965
S	-2.50964
T	-3.72736
U	0
V	-3.72935
W	-5.87507
X	0
Y	-5.83408
Z	-1.66
YaaPropensity
A	-2.73082
B	0
C	-3.7
D	-4.68179
E	-2.49371
F	-6.74395
G	-4.18103
H	-3.81778
I	-2.49438
J	0
K	-3.18593
L	-5.19026
M	-0.739557
N	-5.09311
O	0
P	-0.708788
Q	-1.31522
R	-0.963135
S	-2.65165
T	-2.5104
U	0
V	-2.42562
W	-7.07
X	0
Y	-5.0796
Z	0
PairwiseLateral
	A	B	C	D	E	F	G	H	I	J	K	L	M	N	O	P	Q	R	S	T	U	V	W	X	Y	Z
A	-0.875231	0	0	-1.66419	1.09138	-3.26815	-0.122135	0	0	0	1.15081	-0.56472	0	0	0	0	0.195692	1.33274	0	0	0	0.0488188	0.93185	0	0.43048	0	
B	0	0	0	0	0	0	0	0	0	0	0	0	0	0	0	0	0	0	0	0	0	0	0	0	0	0	
C	0	0	0	0	0	0	0	0	0	0	0	0	0	0	0	0	0	0	0	0	0	0	0	0	0	0	
D	1.33297	0	0	-0.129107	-0.205998	0.038511	0	0	0	0	4.21875	0	0	0	0	0	0	3.5963	0	0	0	0	-0.404742	0	1.06756	0	
E	0.790894	0	0	-0.270079	0	0	-0.207392	0	0	0	-0.282407	0	0	0	0	0	0	0.779341	0	0	0	0	0	0	0	0	
F	0	0	0	0.358104	0	0	0	0	0	0	0.886154	0	0	0	0	0	0	0.144017	0	0	0	0	0	0	0	0	
G	1.10006	0	0	0	0	0	0.900835	0	0	0	0	0	0	0	0	0	0	0	0	0	0	0	0	0	0	0	
H	0	0	0	0	0	-2.9073	0	0	0	0	0	0	0	0	0	0	0	0	0	0	0	0	-3.17202	0	-1.61632	0	
I	0	0	0	0	0	1.88194	0	0	0	0	0	-1.12925	0	1.4389	0	0	0	0	0	0	0	0.105175	0	0	0	0	
J	0	0	0	0	0	0	0	0	0	0	0	0	0	0	0	0	0	0	0	0	0	0	0	0	0	0	
K	0.0207197	0	0	1.83705	0.722108	-3.41421	0.374581	0	0	-0.58842	1.58777	0	0	0	0	0	-0.179373	-1.08413	0.807814	-0.2072	0	0	-4.58967	0	-1.06305	0.594116	
L	0	0	0	0	0	0	0	0	0	0	0	0	0	0	0	0	0	0	0	0	0	0	0	0	0	0	
M	0	0	0	0	0	1.60684	0	0	0	0	0	-1.27713	-0.710739	0.761802	0	0	0	0	0	0	0	0	0	0	0	0	
N	0	0	0	0	0	-0.744073	0	0	0	0	0	0	0	0	0	0	0	0	0	0	0	0	0	0	0	0	
O	0	0	0	0	0	0	0	0	0	0	0	0	0	0	0	0	0	0	0	0	0	0	0	0	0	0	
P	0	0	0	-1.5	-1	-1.5	0	0	0	0	0	-2	0	0	0	0	0	0	0	0	0	0	0	0	0	0	
Q	0.976151	0	0	0.648125	-0.963589	-4.09667	0	0	1.27154	0	0	-0.166643	0	0	0	0	0	0.31658	0	0	0	0	0	0	0	0	
R	-0.172487	0	0	-1.59673	0.819208	-2.46384	0	0	0	0	-2.331	-0.258183	0	0	0	0	0.857644	0	0	0	0	0	-4.68178	0	-0.629707	0	
S	0	0	0	0	3.47301	0	0	0	0	0	0	0	0	0	0	0	0	0	0	0	0	0	0	0	0	0	
T	0.267044	0	0	0	0	0	0	0	0	0	0	0	0	0	0	0	0	0	0	0	0	0	0	0	0	0	
U	0	0	0	0	0	0	0	0	0	0	0	0	0	0	0	0	0	0	0	0	0	0	0	0	0	0	
V	0	0	0	0	0	0	0	0	0	0	0	0	0	0	0	0	0	0	0	0	0	0	0	0	0	0	
W	0	0	0	-0.471061	0	0	0	0	0	0	-0.518954	0	0	0	0	0	0	0	0	0	0	0	0	0	0	0	
X	0	0	0	0	0	0	0	0	0	0	0	0	0	0	0	0	0	0	0	0	0	0	0	0	0	0	
Y	0	0	0	0.698395	0	0	0	0	0	0	-0.348418	0	0	0	0	0	0	0	0	0	0	0	0	0	0	0	
Z	0	0	0	0	0	0	0	0	0	0	0	0	0	0	0	0	0	0	0	0	0	0	0	0	0	0	
PairwiseAxial
	A	B	C	D	E	F	G	H	I	J	K	L	M	N	O	P	Q	R	S	T	U	V	W	X	Y	Z
A	-0.255096	0	0	1.11471	-0.0275344	1.25464	0	0	0	0	0.413548	0.672945	0	2.31815	0	0	0	0	0	0	0	2.50329	-0.469693	0	-0.261378	0	
B	0	0	0	0	0	0	0	0	0	0	0	0	0	0	0	0	0	0	0	0	0	0	0	0	0	0	
C	0	0	0	0	0	0	0	0	0	0	0	0	0	0	0	0	0	0	0	0	0	0	0	0	0	0	
D	-0.0520166	0	0	-0.1664	0.515259	-0.298384	0	0	0	0	-0.0331648	0	0	0	0	0	0	0.935543	0	2.79187	0	0	-0.470958	0	0.800854	0	
E	-0.470887	0	0	-1.92817	0	0	0	0	0	0	1.48907	0	0	0	0	0	0	-0.256691	0	0	0	0	0	0	0	0	
F	0	0	0	0.0612216	0	0	0	0	0	0	0.456217	0	0	0	0	0	0	0	0	0	0	0	0	0	0	0	
G	0.237263	0	0	-0.585628	0	0	0	0	0	0	0	0	0	0	0	0	0	0	0	0	0	0	0	0	0	0	
H	0	0	0	0	0	2.50495	0	0	0	0	0	0	0	0	0	0	0	0	0	0	0	0	2.41593	0	2.56721	0	
I	0	0	0	0	0	2.45716	0	0	0	0	0	-0.616189	0	0	0	0	0	0	0	0	0	0	0	0	0	0	
J	0	0	0	0	0	0	0	0	0	0	0	0	0	0	0	0	0	0	0	0	0	0	0	0	0	0	
K	0.572702	0	0	4.17949	3.13712	1.96611	0	0	0	0.964462	1.35349	0	0	0	0	0	0	-0.40439	1.47258	-0.00708559	0	0	4.20517	0	4.93914	6.56538	
L	0	0	0	0	0	0	0	0	0	0	0	0	0	0	0	0	0	0	0	0	0	0	0	0	0	0	
M	0	0	0	0	0	2.23861	0	0	0	0	0	-0.00900332	-0.429259	0	0	0	0	0	0	0	0	0	0	0	0	0	
N	0	0	0	0	0	1.47517	0	0	0	0	0	0	0	0	0	0	0	0	0	0	0	0	0	0	0	0	
O	0	0	0	0	0	0	0	0	0	0	0	0	0	0	0	0	0	0	0	0	0	0	0	0	0	0	
P	0	0	0	0	0	0	0	0	0	0	0	0	0	0	0	0	0	0	0	0	0	0	0	0	0	0	
Q	-0.187904	0	0	0	0	3.87056	0	0	0.656261	0	0	0.494603	0	0	0	0	0	0	0	0	0	0	0	0	0.01	0	
R	0.24251	0	0	1.66954	0.270006	3.24916	0.932788	0	0	0	1.10547	-1.37218	0	-0.237052	0	0	1.83027	0	0	0	0	0.753488	4.34446	0	3.77131	0	
S	0	0	0	0	0	0	0	0	0	0	0	0	0	0	0	0	0	0	0	0	0	0	0	0	0	0	
T	0	0	0	0.22687	0	0	0	0	0	0	0	0	0	0	0	0	0	0	0	0	0	0	0	0	0	0	
U	0	0	0	0	0	0	0	0	0	0	0	0	0	0	0	0	0	0	0	0	0	0	0	0	0	0	
V	0.330176	0	0	0	0	0	0	0	0	0	0	0	0	0	0	0	0	0	0	0	0	0	0	0	0	0	
W	0	0	0	0.461827	0	0	0	0	0	0	0.771052	0	0	0	0	0	0	0	0	0	0	0	0	0	0	0	
X	0	0	0	0	0	0	0	0	0	0	0	0	0	0	0	0	0	0	0	0	0	0	0	0	0	0	
Y	0	0	0	-0.536114	0	0	0	0	0	0	1.14345	0	0	0	0	0	0	0	0	0	0	0	0	0	0	0	
Z	0	0	0	0	0	0	0	0	0	0	0	0	0	0	0	0	0	0	0	0	0	0	0	0	0	0	
EOF
