Date
07/14/2025
Length
-70
6.55
-0.065
FrameShift
	amXYG	amYGX	amGXY	XYG	YGX	GXY	
acXYG	0	2.47	2.5	-0.63	-1.12	-2.37	
acYGX	-2.87	-0.1	3.97	-2.05	-2.5	-3.3	
acGXY	0.93	-0.783146	-0.111766	-4.21	-3.51999	-4.62	
XYG	0.0821647	-2.17	-2.28	-4.7802	-2.7	-3.95	
YGX	-2.18	-0.53	-1.18	-1.81913	-1.6	-2.34626	
GXY	-3.44	-2.32	-0.76	-3.95	-2.85	-4.11	
XaaPropensity
A	-1.19531
B	0
C	-3.97791
D	-2.21015
E	-1.9275
F	-3.49264
G	-4.5264
H	-3.71422
I	-1.79971
J	-0.718262
K	-1.68608
L	-1.6847
M	-2.73763
N	-2.49095
O	-0.00880887
P	0
Q	-2.16722
R	-2.26187
S	-2.07435
T	-3.33166
U	0
V	-3.5149
W	-6.01313
X	0
Y	-4.65192
Z	-1.66
YaaPropensity
A	-2.07099
B	0
C	-3.49783
D	-5.01175
E	-2.34717
F	-6.63917
G	-4.41012
H	-3.894
I	-2.40292
J	0
K	-3.30771
L	-4.32328
M	-1.37901
N	-5.17758
O	0
P	-0.312042
Q	-1.02229
R	-0.758166
S	-3.07036
T	-2.6683
U	0
V	-2.14132
W	-7.07
X	0
Y	-5.40953
Z	0
PairwiseLateral
	A	B	C	D	E	F	G	H	I	J	K	L	M	N	O	P	Q	R	S	T	U	V	W	X	Y	Z
A	-0.526	0	0	-0.742	-0.234	-4.127	0.082	0	0.142	0	0.021	-0.569	0	0	0	-0.119	0.013	0.243	0	0	0	1.223	0.344	0	0.228	0	
B	0	0	0	0	0	0	0	0	0	0	0	0	0	0	0	0	0	0	0	0	0	0	0	0	0	0	
C	0	0	0	0	0	0	0	0	0	0	0	0	0	0	0	0	0	0	0	0	0	0	0	0	0	0	
D	1.055	0	0	-0.742	-0.006	-1.039	0	0	0	0	3.853	0	0	0	0	0.138	0.141	3.768	0	0	0	0	-0.176	0	1.257	0	
E	0.567	0	0	-0.406	0	0	0.519	0	0	0	0.110	0	0	0	0	0.109	0	0.220	0	0	0	0	0	0	-0.551	0	
F	0	0	0	-0.199	0	0	0	0	0	0	-0.142	0	0	0	0	0.519	0	0.079	0	0	0	0	0	0	0	0	
G	0.150	0	0	0	0	0	0.031	0	0	0	0	0	0	0	0	0.077	0	0	0	0	0	0	0	0	0	0	
H	0	0	0	0	0	-2.147	0	0	0	0	0	0	0	0	0	0.191	0	0	0	0	0	0	-3.212	0	-1.955	0	
I	0	0	0	-0.836	0	0.377	0	0	0	0	0	-0.537	0	0.592	0	0.115	0	0	0	0	0	0.420	0	0	0	0	
J	0	0	0	0	0	0	0	0	0	0	0	0	0	0	0	0	0	0	0	0	0	0	0	0	0	0	
K	-0.159	0	0	-0.909	0.766	-2.899	-0.378	0	0.860	0.376	-0.288	-0.740	0	0.334	0	-0.586	-1.111	-0.638	1.259	0.473	0	0	-5.582	0	-2.557	-0.006	
L	-0.004	0	0	0	0	0	0	0	0.101	0	0	0.699	0	0	0	-0.609	-0.118	0	0	0	0	0.396	0	0	0	0	
M	0	0	0	0	0	-0.241	0	0	0	0	0	-1.08	-1.70	-0.148	0	0.406	0	0	0	0	0	0.233	0	0	0	0	
N	0	0	0	0	0	-0.502	0	0	0.352	0	0	0	0	0	0	-0.345	0	0	0	0	0	0	0	0	0	0	
O	-0.466	0	0	-0.459	-0.056	-0.004	0.274	0	-0.561	0	-0.053	0.364	0.422	-0.145	0	-0.012	0.335	-0.077	0.165	0.050	0	0.484	0.234	0	-1.365	0	
P	1.603	0	0	-0.626	-0.918	-1.490	0.118	0	0.242	0	-0.021	-1.598	0	0	0	0.084	0.227	0	0	0	0	-0.107	-0.832	0	-0.811	0	
Q	0.204	0	0	0.439	-0.787	-3.624	0	0	1.907	0	0	-0.095	0	0.321	0	0.871	-1.028	-0.106	0	0	0	0	0	0	0.007	0	
R	-0.969	0	0	-1.045	0.713	-2.944	0	0	-0.525	0	-0.995	-0.363	0	0	0	-0.361	0.798	0.037	0	0	0	-0.504	-4.965	0	-2.858	0	
S	0	0	0	0	0.260	0	0	0	0	0	0	0	0	0	0	0.446	0	0	0	0	0	0	0	0	0	0	
T	-0.342	0	0	0	0	0	0	0	0	0	0	0	0	0	0	-0.468	0	0	0	0	0	0	0	0	0	0	
U	0	0	0	0	0	0	0	0	0	0	0	0	0	0	0	0	0	0	0	0	0	0	0	0	0	0	
V	0	0	0	0	0	0	0	0	0.762	0	0	0.296	0	0	0	0.024	0	0	0	0	0	0.464	0	0	0	0	
W	0	0	0	-0.309	0	0	0	0	0	0	-0.191	0	0	0	0	0.092	0	0	0	0	0	0	0	0	0	0	
X	0	0	0	0	0	0	0	0	0	0	0	0	0	0	0	0	0	0	0	0	0	0	0	0	0	0	
Y	0	0	0	-0.031	0	0	-0.642	0	0	0	0.395	0	0	0	0	-0.228	0	0	0	0	0	0	0	0	0	0	
Z	0	0	0	0	0	0	0	0	0	0	0	0	0	0	0	0	0	0	0	0	0	0	0	0	0	0	
PairwiseAxial
	A	B	C	D	E	F	G	H	I	J	K	L	M	N	O	P	Q	R	S	T	U	V	W	X	Y	Z
A	-0.608	0	0	-0.349	0.263	0.916	0	0	0.662	0	0.747	-0.068	0	0.402	0	-0.482	-0.0150	0	0	0	0	0.427	0.297	0	-0.302	0	
B	0	0	0	0	0	0	0	0	0	0	0	0	0	0	0	0	0	0	0	0	0	0	0	0	0	0	
C	0	0	0	0	0	0	0	0	0	0	0	0	0	0	0	0	0	0	0	0	0	0	0	0	0	0	
D	0.823	0	0	-0.091	-0.070	-0.132	0	0	-0.124	0	0.224	0	0	-1.302	0	0.0450	0	0.683	0	0.358	0	0	-0.110	0	0.031	0	
E	-0.181	0	0	-0.834	0	0	0	0	0	0	1.465	0	0	0	0	0.067	0	-0.330	0	0	0	0	0	0	0	0	
F	0	0	0	-0.407	0	0	0	0	0	0	-0.006	0	0	0	0	-0.095	0	0	0	0	0	0	0	0	0	0	
G	0.248	0	0	0.181	0	0	0	0	0	0	0	0	0	0	0	0.534	0	0	0	0	0	0	0	0	0	0	
H	0	0	0	0	0	1.975	0	0	0	0	0	0	0	0	0	0.253	0	0	0	0	0	0	2.169	0	2.341	0	
I	0	0	0	-0.425	0	0.456	0	0	0	0	0	-1.096	0	0	0	-0.413	0	0	0	0	0	0	0	0	0	0	
J	0	0	0	0	0	0	0	0	0	0	0	0	0	0	0	0	0	0	0	0	0	0	0	0	0	0	
K	0.091	0	0	5.783	3.735	3.164	0	0	-0.176	-0.135	-0.307	0.035	0	-0.152	0	0.985	0	0.045	-0.081	0.489	0	0	4.370	0	4.952	7.611	
L	0.118	0	0	0	0	0	0	0	0.663	0	0	0.247	0	0	0	-0.155	-0.520	0	0	0	0	-0.519	0	0	0	0	
M	0	0	0	0	0	0.063	0	0	0	0	0	0.755	-0.044	0	0	0.126	0	0	0	0	0	0	0	0	0	0	
N	0	0	0	0	0	1.070	0	0	-0.722	0	0	0	0	0	0	0.479	0	0	0	0	0	0	0	0	0	0	
O	-0.599	0	0	0.759	0.380	-0.247	0.550	0	-0.204	0	0.195	-0.577	-0.217	0.118	0	-0.096	-0.761	-0.354	-0.092	0.194	0	-0.427	0.697	0	0.415	0	
P	0.687	0	0	2.323	-0.489	-0.426	0.134	0	0.920	0	0	1.135	0	0	0	-1.006	0.418	0	0	0	0	0.011	0.271	0	0.131	0	
Q	0.523	0	0	-0.121	-0.981	2.154	0	0	1.082	0	-0.445	1.041	0	0.934	0	-0.939	0.099	-0.724	0	0	0	0	0	0	-0.606	0	
R	0.609	0	0	1.928	0.979	3.921	0.848	0	0.084	0	-1.297	-1.168	0	0.473	0	0.215	-0.360	-0.199	0	0	0	0.328	5.840	0	4.5326	0	
S	0	0	0	0	0	0	0	0	0	0	0	0	0	0	0	0.603	0	0	0	0	0	0	0	0	0	0	
T	0	0	0	0.288	0	0	0	0	0	0	0	0	0	0	0	0.460	0	0	0	0	0	0	0	0	0	0	
U	0	0	0	0	0	0	0	0	0	0	0	0	0	0	0	0	0	0	0	0	0	0	0	0	0	0	
V	0.037	0	0	0	0	0	0	0	0	0	0	0.496	0	0	0	-0.019	0	0	0	0	0	0	0	0	0	0	
W	0	0	0	-0.056	0	0	0	0	0	0	0.584	0	0	0	0	0.061	0	0	0	0	0	0	0	0	0	0	
X	0	0	0	0	0	0	0	0	0	0	0	0	0	0	0	0	0	0	0	0	0	0	0	0	0	0	
Y	0	0	0	-0.148	0	0	0	0	0	0	0.147	0	0	0	0	1.441	0	0	0	0	0	0	0	0	0	0	
Z	0	0	0	0	0	0	0	0	0	0	0	0	0	0	0	0	0	0	0	0	0	0	0	0	0	0	
EOF