Length
-70
6.55
-0.065
FrameShift
	amXYG	amYGX	amGXY	XYG	YGX	GXY	
acXYG	0	2.47	2.5	-0.63	-1.12	-2.37	
acYGX	-2.87	-0.1	3.97	-2.05	-2.5	-3.3	
acGXY	0.93	-0.23	1.45	-4.21	-3.11	-4.62	
XYG	-2.77	-2.17	-2.28	-5.8	-2.7	-3.95	
YGX	-2.18	-0.53	-1.18	-0.72	-1.6	-2.85	
GXY	-3.44	-2.32	-0.76	-3.95	-2.85	-4.11	
XaaPropensity
A	-2.13
B	0
C	-5.03
D	-2.35
E	-1.71
F	-4.19
G	-4.24
H	-4.9
I	-1.54
J	-1.07
K	-1.56
L	-1.91
M	-3.26
N	-1.06
O	0
P	0
Q	-2.04
R	-3.27
S	-3.16
T	-3.22
U	0
V	-2.85
W	-5.77
X	0
Y	-5.57
Z	-1.66
YaaPropensity
A	-2.77
B	0
C	-4.5
D	-4.75
E	-2.94
F	-6.84
G	-4.16
H	-4.52
I	-2.68
J	0
K	-3.48
L	-3.81
M	-1.8
N	-5.73
O	0
P	-0.72
Q	-0.81
R	-0.99
S	-2.24
T	-3.5
U	0
V	-1.88
W	-7.07
X	0
Y	-5.46
Z	0
PairwiseLateral
	A	B	C	D	E	F	G	H	I	J	K	L	M	N	O	P	Q	R	S	T	U	V	W	X	Y	Z
A	-0.38	0	0	-2	-1.44	-3.23	0	0	0	0	0	0	0	0	0	0	0	0	0	0	0	0	0	0	0	0	
B	0	0	0	0	0	0	0	0	0	0	0	0	0	0	0	0	0	0	0	0	0	0	0	0	0	0	
C	0	0	0	0	0	0	0	0	0	0	0	0	0	0	0	0	0	0	0	0	0	0	0	0	0	0	
D	1.39	0	0	0	-1.06	0	0	0	0	0	3.03	0	0	0	0	0	0	4	0	0	0	0	0	0	0	0	
E	0	0	0	0	0	0	0	0	0	0	1.52	0	0	0	0	0	0	2.04	0	0	0	0	0	0	0	0	
F	0	0	0	0	0	0	0	0	0	0	0	0	0	0	0	0	0	0	0	0	0	0	0	0	0	0	
G	0	0	0	0	0	0	0	0	0	0	0	0	0	0	0	0	0	0	0	0	0	0	0	0	0	0	
H	0	0	0	0	0	-2.5	0	0	0	0	0	0	0	0	0	0	0	0	0	0	0	0	-2.2	0	-1.01	0	
I	0	0	0	-1.14	0	0	0	0	0	0	0	-1.47	0	0	0	0	0	0	0	0	0	0	0	0	0	0	
J	0	0	0	0	0	0	0	0	0	0	0	0	0	0	0	0	0	0	0	0	0	0	0	0	0	0	
K	0.94	0	0	1.08	1.16	-3.61	0	0	0	0.8	0	-0.24	0	0	0	0	0	-1.27	2	0.82	0	0	-4.27	0	-1.5	0.04	
L	0	0	0	0	0	0	0	0	0	0	0	0	0	0	0	0	0	0	0	0	0	0	0	0	0	0	
M	0	0	0	0	0	0	0	0	0	0	0	0.25	0.25	0	0	0	0	0	0	0	0	0	0	0	0	0	
N	0	0	0	0	0	0.61	0	0	0	0	0	0	0	0	0	0	0	0	0	0	0	0	0	0	0	0	
O	0	0	0	0	0	0	0	0	0	0	0	0	0	0	0	0	0	0	0	0	0	0	0	0	0	0	
P	2	0	0	-0.45	-2.45	-2.9	0	0	0	0	0	-2	0	0	0	0	0	0	0	0	0	0	-2	0	-0.88	0	
Q	0	0	0	0	0	-5.04	0	0	1.5	0	0	0	0	0	0	0	0	0	0	0	0	0	0	0	0	0	
R	0.01	0	0	-0.92	-0.19	-1	0	0	0	0	-2	0	0	0	0	0	0	0	0	0	0	0	-3.78	0	-1.25	0	
S	0	0	0	0	2	0	0	0	0	0	0	0	0	0	0	0	0	0	0	0	0	0	0	0	0	0	
T	0	0	0	0	0	0	0	0	0	0	0	0	0	0	0	0	0	0	0	0	0	0	0	0	0	0	
U	0	0	0	0	0	0	0	0	0	0	0	0	0	0	0	0	0	0	0	0	0	0	0	0	0	0	
V	0	0	0	0	0	0	0	0	0	0	0	0	0	0	0	0	0	0	0	0	0	0	0	0	0	0	
W	0	0	0	0	0	0	0	0	0	0	0	0	0	0	0	0	0	0	0	0	0	0	0	0	0	0	
X	0	0	0	0	0	0	0	0	0	0	0	0	0	0	0	0	0	0	0	0	0	0	0	0	0	0	
Y	0	0	0	0	0	0	0	0	0	0	0	0	0	0	0	0	0	0	0	0	0	0	0	0	0	0	
Z	0	0	0	0	0	0	0	0	0	0	0	0	0	0	0	0	0	0	0	0	0	0	0	0	0	0	
PairwiseAxial
	A	B	C	D	E	F	G	H	I	J	K	L	M	N	O	P	Q	R	S	T	U	V	W	X	Y	Z
A	0.27	0	0	0	0	1.67	0	0	0	0	0	0	0	0	0	0	0	0	0	0	0	0	0	0	0	0	
B	0	0	0	0	0	0	0	0	0	0	0	0	0	0	0	0	0	0	0	0	0	0	0	0	0	0	
C	0	0	0	0	0	0	0	0	0	0	0	0	0	0	0	0	0	0	0	0	0	0	0	0	0	0	
D	1.99	0	0	-2	0	0	0	0	0	0	0.77	0	0	0	0	0	0	1.99	0	0	0	0	0	0	2	0	
E	0	0	0	0	0	0	0	0	0	0	0	0	0	0	0	0	0	-0.41	0	0	0	0	0	0	0	0	
F	0	0	0	0	0	0	0	0	0	0	0	0	0	0	0	0	0	0	0	0	0	0	0	0	0	0	
G	0	0	0	0	0	0	0	0	0	0	0	0	0	0	0	0	0	0	0	0	0	0	0	0	0	0	
H	0	0	0	0	0	2	0	0	0	0	0	0	0	0	0	0	0	0	0	0	0	0	2.91	0	2.77	0	
I	0	0	0	0	0	0	0	0	0	0	0	0.01	0	0	0	0	0	0	0	0	0	0	0	0	0	0	
J	0	0	0	0	0	0	0	0	0	0	0	0	0	0	0	0	0	0	0	0	0	0	0	0	0	0	
K	2	0	0	5.3	3.4	3.84	0	0	0	0.8	0	-0.55	0	0	0	0	0	2	2	-0.24	0	0	4.14	0	5.5	7.56	
L	0	0	0	0	0	0	0	0	0	0	0	0	0	0	0	0	0	0	0	0	0	0	0	0	0	0	
M	0	0	0	0	0	0	0	0	0	0	0	0.82	1.29	0	0	0	0	0	0	0	0	0	0	0	0	0	
N	0	0	0	0	0	2.6	0	0	0	0	0	0	0	0	0	0	0	0	0	0	0	0	0	0	0	0	
O	0	0	0	0	0	0	0	0	0	0	0	0	0	0	0	0	0	0	0	0	0	0	0	0	0	0	
P	2	0	0	2	1.75	-2	0	0	0	0	0	0	0	0	0	0	0	0	0	0	0	0	0	0	2	0	
Q	0	0	0	0	0	3.04	0	0	0.4	0	0	0	0	0	0	0	0	0	0	0	0	0	0	0	0.01	0	
R	1.9	0	0	2.06	1.16	4.07	0	0	0	0	-0.58	-0.69	0	0	0	0	0	0	0	0	0	0	4.8	0	4.13	0	
S	0	0	0	0	0	0	0	0	0	0	0	0	0	0	0	0	0	0	0	0	0	0	0	0	0	0	
T	0	0	0	0	0	0	0	0	0	0	0	0	0	0	0	0	0	0	0	0	0	0	0	0	0	0	
U	0	0	0	0	0	0	0	0	0	0	0	0	0	0	0	0	0	0	0	0	0	0	0	0	0	0	
V	0	0	0	0	0	0	0	0	0	0	0	0	0	0	0	0	0	0	0	0	0	0	0	0	0	0	
W	0	0	0	0	0	0	0	0	0	0	0	0	0	0	0	0	0	0	0	0	0	0	0	0	0	0	
X	0	0	0	0	0	0	0	0	0	0	0	0	0	0	0	0	0	0	0	0	0	0	0	0	0	0	
Y	0	0	0	0	0	0	0	0	0	0	-1.38778e-17	0	0	0	0	0	0	0	0	0	0	0	0	0	0	0	
Z	0	0	0	0	0	0	0	0	0	0	0	0	0	0	0	0	0	0	0	0	0	0	0	0	0	0	
EOF
